0 64
1 67
2 70
3 64
4 66
5 72
6 54
7 72
8 58
9 81
10 64
11 59
12 72
13 70
14 77
15 49
16 61
17 61
18 57
19 71
20 72
21 74
22 61
23 69
24 70
25 53
26 59
27 65
28 67
29 68
30 58
31 70
32 68
33 64
34 57
35 68
36 61
37 68
38 53
39 70
40 63
41 73
42 60
43 66
44 59
45 62
46 81
47 52
48 67
49 53
50 69
51 73
52 72
53 68
54 55
55 74
56 46
57 51
58 64
59 78
60 58
61 77
62 62
63 60
64 72
65 75
66 75
67 81
68 43
69 58
70 67
71 52
72 69
73 68
74 69
75 50
76 58
77 60
78 73
79 73
80 62
81 57
82 69
83 62
84 67
85 72
86 56
87 62
88 59
89 53
90 75
91 67
92 63
93 59
94 61
95 59
96 59
97 58
98 65
99 66
100 67
101 63
102 56
103 74
104 69
105 66
106 58
107 60
108 73
109 60
110 56
111 75
112 73
113 65
114 53
115 55
116 63
117 66
118 54
119 65
120 47
121 65
122 60
123 69
124 59
125 62
126 64
127 66
128 57
129 70
130 67
131 56
132 78
133 75
134 63
135 63
136 65
137 65
138 53
139 68
140 58
141 61
142 74
143 61
144 63
145 57
146 56
147 67
148 70
149 68
150 56
151 75
152 56
153 70
154 70
155 67
156 63
157 68
158 59
159 70
160 67
161 62
162 70
163 57
164 60
165 59
166 64
167 57
168 46
169 58
170 44
171 78
172 67
173 61
174 66
175 58
176 72
177 68
178 64
179 67
180 51
181 66
182 49
183 56
184 68
185 64
186 79
187 72
188 52
189 58
190 62
191 58
192 52
193 71
194 64
195 59
196 68
197 63
198 84
199 73
200 57
201 67
202 62
203 62
204 59
205 58
206 61
207 75
208 53
209 80
210 59
211 67
212 44
213 69
214 55
215 71
216 50
217 50
218 75
219 66
220 67
221 61
222 52
223 81
224 63
225 59
226 57
227 75
228 73
229 71
230 59
231 57
232 52
233 54
234 64
235 79
236 59
237 64
238 77
239 74
240 63
241 58
242 82
243 66
244 64
245 60
246 51
247 73
248 70
249 75
250 79
251 73
252 57
253 58
254 63
255 67
